	test_data	pred_data
0	0.0233164469929681	-0.028698515115943974
1	-0.0102881757986221	-0.078799596433713
2	-0.046017056660257995	-0.06823595420862287
3	0.00859159830570699	-0.09041795006446258
4	-0.27844849560455	-0.1095689914981746
5	-0.0119919724965181	-0.16082882671467624
6	-0.36904638949947	-0.15996546270882073
7	-0.471896644849875	-0.13130291973164449
8	-0.0812222361481839	-0.05964375183883429
9	-0.16186509748323	-0.10358433744901588
10	-0.013239389661331999	-0.03836857906473669
11	-0.2913888487077981	-0.17137317939312907
12	0.05072776690633	-0.054765952676700064
13	0.018506900542847	-0.04024460302750162
14	-0.0401260709167339	-0.02732368440246374
15	-0.0715090503912365	-0.12514713473263214
16	-0.04540406362539599	-0.1172099737680809
17	-0.132671233638564	-0.24223918833748695
18	-0.128717467052126	-0.18553609324518075
19	-0.0976994422537281	-0.06105483966617153
20	-0.10644510309910199	-0.07078671032527784
21	-0.033900957124235	-0.05885272325991736
22	-0.035039369392372004	-0.07894208096685142
23	-0.115118951256141	-0.05983836586847531
24	-0.5207539936502009	-0.23608364771017876
25	-0.1514214070678	-0.1409352817750695
26	-0.307077060239275	-0.19453811236734572
27	-0.015990368595077	-0.07083622669748758
28	-0.014220794463342	-0.08755699259441738
29	-0.020501959804167	-0.042051480028781535
30	-0.0182398148021909	-0.055168548205799375
31	0.032678974519617	-0.036676896403485836
32	-0.0450746571238131	-0.0455985093334883
33	-0.38623889285883295	-0.02937863173958974
34	-0.057706032209811	-0.08868094414617804
35	-0.0036143056731470203	-0.051043812633746126
36	-0.0534313126307659	-0.18811973588207523
37	3.4020167181000004e-05	-0.01579962016749361
38	-0.066966700838222	-0.07773241588860332
39	-0.113066101348262	-0.17144932509627403
40	-0.035224732644548	-0.028741976926569966
41	-0.310543563873187	-0.28770033467296735
42	-0.0109096470768431	-0.08500976279533959
43	-0.11445745092420001	-0.1355858617000527
44	-0.09858843402414	-0.2345910495960408
45	-0.12145811554039099	-0.06291532019052841
46	-0.067531725437358	-0.10612740160653726
47	-0.44564375879127294	-0.06965174445564426
48	-0.38195290848924396	-0.3254535944485666
49	-0.0178794877774491	-0.09269172959131586
50	-0.0737563854916781	-0.12066921447590889
51	-0.240300580324142	-0.19136480929497315
52	-0.46711436560958797	-0.15222000902147637
53	-0.025937850173860997	-0.08803850460025932
54	-0.0317406740289501	-0.07187875029965635
55	0.0603920608534242	-0.3498028232363925
56	-0.020040233154246998	-0.10620035780409118
57	-0.10175391435970402	-0.10313071291505656
58	0.037815265575679	-0.08377845379576698
59	-0.12222688144063301	-0.27295969641347356
60	-0.331297707775263	-0.3297443328071791
61	-0.027828416249988	-0.059270265743412216
62	0.00206878112420006	-0.05590763716182983
63	0.0199507263404926	-0.08975382626687807
64	-0.251951761128276	-0.07003030226305926
65	-0.509644401540698	-0.12383922464120939
66	-0.30175726313838896	-0.30376059724845816
67	-0.460179136951592	-0.21851066840078134
68	-0.0218406692241599	-0.12119884116546374
69	-0.0690086656065091	-0.16188257418044222
70	-0.035543073662791004	-0.04599671762112923
71	-7.883056563256e-05	0.0002457847350691163
72	-0.045487032172022004	-0.0525322438680547
73	-0.042236987378001	-0.04645376173670526
74	0.0559200589427632	-0.24588057488607123
75	-0.317575664181267	-0.19684939088551645
76	-0.299189655955211	-0.44235138049161404
77	-0.066715612467783	-0.05511067076626414
78	-0.043485645324576	-0.04004037702681899
79	-0.287260779127107	-0.19920246522386142
80	0.184129861675691	-0.13188293977213145
81	-0.104743233188047	-0.08958542464118635
82	-0.0145151302573437	-0.2162875507114397
83	-0.31233095494669105	-0.4394872502319326
84	-0.18636543897836105	-0.15803670660593502
85	-0.095654545235732	-0.05734986372657471
86	-0.0269565809098695	-0.31775200955088423
87	0.00010258989842436	-0.0017520767802233148
88	0.0387215602177167	-0.07109671115741492
89	-0.0563164407375829	-0.06018173396987889
90	-0.33853886387837795	-0.194404516516644
91	-0.38031701765958703	-0.2136372827845127
92	-0.309523334853601	-0.14459178730741434
93	-0.00938924293519905	-0.022064894932643617
94	-0.18565981994415	-0.1799867821385522
95	-0.0057782002182840105	-0.06488767479683483
96	-0.037126777029514994	-0.033098721053221175
97	-0.0363729768034	-0.037977277217744874
98	0.00830217967421598	-0.03722882108775569
99	-0.17925261713968202	-0.23896974535332544
100	-0.0806615124976591	-0.08233888910986
101	-0.07095255445773	-0.09386951704493463
102	-0.193566610090861	-0.07879371381690949
103	-0.137531086089943	-0.051128305270943405
104	-0.020755820847330003	-0.04135410707585841
105	-0.14300954396213	-0.31162306940115714
106	-0.087815630059544	-0.18100519001628082
107	0.0166478600710001	-0.03890010720522878
108	-0.0031987721445589897	-0.10870893250452697
109	-0.0605980745082449	-0.08918791112835901
110	-0.359821049209367	-0.20565751507515395
111	-0.116937916917465	-0.056488696501388116
112	0.009146417742991991	-0.1919186106362267
113	-0.0989612549217685	-0.08405779863517121
114	-0.0423980276653501	-0.09525990359411753
115	-0.079061167560862	-0.05265891486708055
116	-0.18862588199098498	-0.07593886194104493
117	-0.101776379349795	-0.0655430543358025
118	-0.496004821665983	-0.40703907810034057
119	-0.022503091768150005	-0.0914172481106384
120	-0.182343242451519	-0.21256014990867525
121	-0.00303848655209005	-0.15742235670831492
122	-0.547337620696952	-0.24939390590289798
123	-8.00441611817999e-06	-0.009914126706628324
124	-0.06447285556584599	-0.06917727088642708
125	-0.112852986503022	-0.06382495938282373
126	-0.440737568013308	-0.3252887558078732
127	0.011897917807175	-0.06611849213160995
128	-0.0464540126238	-0.09151046521637726
129	0.0188617098167547	-0.15051732929522957
130	0.042756592186095	-0.07788308244603892
131	-0.00011325933606328001	0.00011092171743028188
132	-0.0926487732627059	-0.05437118845346601
133	-0.0508789154296556	-0.1487281413844663
134	-0.12529807735406098	-0.12371675121826056
135	0.0249306731567253	-0.2002157105261901
136	-0.07397918455919	-0.2309118095742775
137	-0.39627333165936	-0.2705398613814831
138	-0.024096766101268995	-0.054151737869081853
139	-0.022569313389749	-0.09227418652539356
140	-0.0003160560167516	-0.014350629175786672
141	-0.048874857684421	-0.09312079148423896
142	-0.16183922656659303	-0.14541593916658194
143	0.048643647187992994	-0.05452793365822765
144	-0.06945136925652401	-0.10696141994834268
145	-0.1265556488603	-0.20405125988584322
146	-0.176280427614811	-0.24390416047765034
147	0.0543470141233124	-0.2730804099868413
148	-0.20688113768999397	-0.2277012383271724
149	-0.460595291470309	-0.2124948658387448
150	0.010519685617994	-0.0945694535800504
151	-0.178194953400715	-0.3219006494617041
152	-0.0955012720994379	-0.0758190256229681
153	-0.0385071354077511	-0.06800336512828761
154	-0.031523540075336004	-0.040587131000243554
155	-0.052509709927536	-0.04240954605754676
156	-0.0991922431888709	-0.20855998395598538
157	-0.0720866003492571	-0.2304557170098828
158	-0.38267429929944297	-0.26768859218944324
159	0.011114034536809	-0.04505814672011022
160	-0.234650115649361	-0.13404257708974915
161	-0.11451357281260499	-0.0914556932305189
162	-0.0958737546640957	-0.17866897212071106
163	-0.2075165052656	-0.10712300195777374
164	-0.304843830110125	-0.18471510034806454
165	0.0039729786406142	-0.1466647246361141
166	-0.081682749255799	-0.06888238668058953
167	-0.10342284467867999	-0.11311352877409565
168	-0.20742820749665197	-0.18170048352262114
169	-0.0240690544934855	-0.07820546949638067
170	-0.0139019642018977	-0.0816546342599174
171	0.039711039650562996	-0.019215812555929305
172	-0.0739137017479716	-0.13416448240587314
173	-0.15510059983910598	-0.0884521039127841
174	-0.14712225400117498	-0.1846332303730146
175	-0.0230692332778329	-0.08496934778038424
176	-0.067421647094061	-0.09231061241182416
177	-0.312116630205654	-0.20124444518348425
178	-0.016788390019179998	-0.050421794726258524
179	-0.575715511312199	-0.17659324667840695
180	-0.28311940127168	-0.29381759563903304
181	-0.0650631524565105	-0.20344172977692204
182	-0.13387405681682701	-0.19990984496431927
183	-0.0796362376780539	-0.1107656835344231
184	-0.34573693341934003	-0.10217166793813993
185	-0.0365857156187139	-0.10312807057755323
186	4.6886772153031894e-05	-0.09029251213562102
187	-0.18920035836598198	-0.09848169043865383
188	-0.285593475048575	-0.25196210357851284
189	0.000132118172457943	-0.0013112114389412753
190	-0.529729138316087	-0.09749751819817623
191	-0.133897846933377	-0.34073321232468967
192	-0.0806092387626635	-0.129173202516986
193	-0.049008950156771	-0.0756218526599227
194	-0.00013467301858306998	-2.089522319487892e-05
195	0.0098859341818579	-0.08312511503551905
196	-0.15004529073751	-0.2106727155346457
197	-0.074752901762072	-0.21021557313026515
198	-0.0064616657494869206	-0.09379083166440036
199	-0.026340831146907998	-0.14109103591223388
200	-0.0329568881016668	-0.1950667974016419
201	-0.00016350436226192	-0.0008662898023806048
202	-0.014175338448541002	-0.08004791245758375
203	-0.04391829780403501	-0.03760079121708553
204	-0.0516380680984334	-0.16837629283738745
205	-0.031142511490572997	-0.10011470262606387
206	-0.000219713849521748	-0.0017249724899914703
207	-0.072336426887711	-0.08291706399686355
208	-0.34566191357407106	-0.2116454934175783
209	0.011172386886153999	-0.033441615295594966
210	-0.393230561188805	-0.16638931621870112
211	-0.023886251547596004	-0.05693276982475603
212	-0.0439835273958801	-0.18418709248410842
213	-0.00997677276553599	-0.044687725054500686
214	-0.0637090325755763	-0.05742315887262538
215	-0.129666342740095	-0.11311199159500049
216	-0.21080013818535198	-0.23388881640914042
217	-0.104873451493726	-0.23693053277183804
218	-0.020822108089857	-0.03627019998086998
219	-0.139975552683337	-0.10181014882237269
220	0.0010801983053100302	-0.01454261750668283
221	-0.154216014779515	-0.12866986720283785
222	-0.338010251157279	-0.41371966115448544
223	-0.0154063898525503	0.0007763478690690628
224	-0.38014367626010903	-0.17404064671597627
225	-0.262884116540876	-0.20445290720466622
226	-0.20699930320998003	-0.1497634326380063
227	-0.10596955521883698	-0.03950350263105495
