-0.000000000000000000e+00
1.605997992107758066e+00
1.275090367547318193e+00
1.266450589626509027e+00
1.522377063596320745e+00
9.145942402022748663e-01
6.438260112510755251e-01
4.994595272709281830e-01
9.128181558146426511e-01
1.132154298316335517e+00
9.756090020975829447e-01
8.443870671114304116e-01
4.602613728204128507e-01
6.939141858291786313e-01
1.506734769016319975e+00
7.539272080879514393e-01
1.269012733233123358e+00
1.301469296513845020e+00
3.742793427934434924e-01
9.972947842544112040e-01
1.361190485331637001e+00
4.683696142556627584e-01
8.386633749630411083e-01
1.399331179559552274e-01
1.176615315965440001e+00
1.102218746536293148e+00
-0.000000000000000000e+00
2.096341402359027661e-01
6.008382913428490513e-01
3.451556345944991055e-01
4.825101519368172331e-01
-0.000000000000000000e+00
2.096341402359027661e-01
5.131203926924984282e-01
3.073817631731982636e-01
2.761909224070750457e-01
6.591634132175792082e-01
-0.000000000000000000e+00
6.310467252925667792e-01
-0.000000000000000000e+00
8.838200416504052859e-01
5.763341277567498588e-01
-0.000000000000000000e+00
-0.000000000000000000e+00
2.609141964669117186e-01
-0.000000000000000000e+00
6.861904097613034104e-01
-0.000000000000000000e+00
1.502043151826215173e+00
1.913934249580094560e-01
-0.000000000000000000e+00
4.250033397029742144e-01
4.948796774146051458e-01
-0.000000000000000000e+00
-0.000000000000000000e+00
1.216924026780619311e-01
3.364957575835160197e-01
7.005428087549844807e-02
7.005428087549844807e-02
6.373197218986357271e-01
1.174027163163011478e+00
4.575619787974249397e-01
2.609141964669117186e-01
1.399331179559552274e-01
7.005428087549844807e-02
-0.000000000000000000e+00
-0.000000000000000000e+00
-0.000000000000000000e+00
-0.000000000000000000e+00
-0.000000000000000000e+00
1.025272104198704293e+00
9.814662826072628743e-01
-0.000000000000000000e+00
3.761557745578777978e-01
2.609141964669117186e-01
5.416451182250797691e-01
1.105057400840336879e+00
1.371846617554456138e+00
