Position	max_deltaS
2	0.355125170846914
3	0.289706834453517
4	0.060447503130401
5	0.0987273198214564
6	0.132000872857833
7	0.0554550201083341
8	0.107834163727071
9	0.11273285209415
10	0.0686038188518407
11	0.135006892906028
12	0.191739820144575
13	0.112160473194064
14	0.128254393619547
15	0.0798301386477263
16	0.0828973574461312
17	0.0577269149017837
18	0.100479129412763
19	0.0111806425917107
20	0.166053212242377
21	0.102842551420289
22	0.111463698163089
23	0.0530755617862709
24	0.011870662291707
25	0.0961306598920102
26	0.0696571898987437
27	0.0106977013227059
28	0.01048925787599
29	0.0107681337477712
30	0.051794387285118
31	0.024287388316298
32	0.0490032304611
33	0.223941164080634
34	0.0106455071673592
35	0.0918996646519029
36	0.112803239334721
37	0.0291750867183306
38	0.143572210128064
39	0.0605971949582119
40	0.0481311760241989
41	0.0992032797697269
42	0.0490597329008266
43	0.0105080666917993
44	0.090560514802057
45	0.087393354673338
46	0.050416765250781
47	0.0491683706777881
48	0.050670954803808
49	0.0689031139248696
50	0.0102981851925395
51	0.0109076345877953
52	0.0353712069199063
53	0.0694175484375279
54	0.020971519979058
55	0.0770242656680931
56	0.0101468153586995
57	0.0103567284447101
58	0.036424606184739
59	0.021749268310896
60	0.034849215728903
61	0.0912610270027239
62	0.0388004864704911
63	0.010370802585554
64	0.037595978658777
65	0.015588811579328
66	0.0102138720012555
67	0.065722093720937
68	0.05129684753772
69	0.0398595587577411
70	0.08848030207823
71	0.0102099207649773
72	0.063451931215163
73	0.013027776248139
74	0.0104939830323729
75	0.03688586010468
76	0.0303183241017024
77	0.0410998240374333
78	0.0553999318745711
