Position	max_deltaS
2	0.258138998600794
3	0.140814845319373
4	-0.0355173809485933
5	-0.00673604691765971
6	-0.0142558477800954
7	-0.0275281393598727
8	0.0106119804804381
9	0.0118459523460687
10	-0.0146475144818738
11	0.00331158412519147
12	0.0264708371474435
13	0.0462668611229471
14	0.016217021462873
15	0.00261532866240653
16	-0.0990250767339236
17	-0.00874489467993888
18	-0.230758847914053
19	-0.328156644543582
20	0.0327513566132068
21	-0.00594757369919192
22	-0.154464714898478
23	-0.128918614320093
24	-0.0998355619312702
25	-0.0244765794991951
26	-0.175196926273368
27	-0.253894291109232
28	-0.236091244992569
29	-0.286220032119489
30	-0.0409315334847231
31	-0.184788304340644
32	-0.0188646860804452
33	-0.174056953946974
34	-0.179726364166455
35	-0.027710852337546
36	-0.0587368541543174
37	-0.203030690651861
38	0.00531444377091078
39	-0.243754267972601
40	-0.0312142278132726
41	-0.0524436736966353
42	-0.0474114017364507
43	-0.0755236848493794
44	-0.0588293920707536
45	-0.151917560894151
46	-0.0191254121563928
47	-0.139432332717849
48	-0.0580060855455221
49	-0.0347632784197093
50	-0.270991608142373
51	-0.10171226755974
52	-0.323467107024486
53	-0.1203830947512
54	-0.04808029764888
55	-0.0301732106194295
56	-0.0666906666879132
57	-0.0655056931965706
58	-0.057378180557619
59	-0.0612639393616841
60	-0.347336176416463
61	-0.136769884153861
62	-0.058447621618343
63	-0.161315295156805
64	-0.0837975822731647
65	-0.0930480994457329
66	-0.0541644771412474
67	0.00253095094624681
68	-0.0333155161874326
69	-0.0436325785190114
70	-0.0174237642466262
71	-0.241611793543247
72	-0.16717292119826
73	-0.15091461904708
74	-0.0836275328815039
75	-0.343010412038466
76	-0.26627555572046
77	-0.264470208128427
78	-0.0187288415144275
