Position	max_deltaS
2	0.00334569929397661
3	-0.172246453703517
4	-0.14984610646359
5	-0.156281528990294
6	-0.0933643572045248
7	-0.434801589247477
8	-0.122483679963716
9	-0.198365569407565
10	-0.112796727554024
11	-0.0624627113717006
12	-0.0325135697888032
13	-0.00396816149423609
14	-0.090116228260037
15	-0.196108299486754
16	-0.512944867752927
17	-0.0990961280708231
18	-0.536855791158169
19	-0.625598839513447
20	-0.114928410907617
21	-0.165598369400098
22	-0.45776960205944
23	-0.393230561188805
24	-0.449059849682476
25	-0.224337036926998
26	-0.397244999357323
27	-0.575715511312199
28	-0.580701370185328
29	-0.496004821665983
30	-0.290690120462889
31	-0.601803327776593
32	-0.113636633469971
33	-0.508292593737411
34	-0.498811446209793
35	-0.111957109339255
36	-0.398573082267297
37	-0.550892644062883
38	-0.071617320302665
39	-0.600702713328248
40	-0.128335556062344
41	-0.344826092946939
42	-0.0977310325997161
43	-0.303978602399135
44	-0.167969875931402
45	-0.509644401540698
46	-0.079340338908255
47	-0.443195979976377
48	-0.206798979475111
49	-0.415813165075218
50	-0.547337620696952
51	-0.393036108418779
52	-0.643122192590423
53	-0.472568308444019
54	-0.133709444626499
55	-0.188625881990985
56	-0.142447256913456
57	-0.160860851440956
58	-0.154216014779515
59	-0.157911433252181
60	-0.647186361866602
61	-0.471896644849875
62	-0.396270548946851
63	-0.460595291470309
64	-0.418358769768143
65	-0.381684468076433
66	-0.235654180987731
67	-0.035039369392372
68	-0.145315677741213
69	-0.489729893766835
70	-0.082843680999944
71	-0.605106566815756
72	-0.46627431133436
73	-0.323184129240559
74	-0.354425990018712
75	-0.692708922298966
76	-0.534322837528518
77	-0.551058462252193
78	-0.125961568888187
