Aminoacid-3-letter	Aminoacid-1-letter	alpha_helix_chou_processed	alpha_helix_deleage_processed	alpha_helix_levitt_processed	aminoacid_composition_swissprot_bairoch_processed	antiparallel_beta_strand_lifson_processed	average_area_buried_folding_rose_processed	average_flexibility_bhaskaran_processed	average_surrounding_hydrophobicity_manavalan_processed	beta_sheet_chou_processed	beta_sheet_deleage_processed	beta_sheet_levitt_processed	beta_turn_chou_processed	beta_turn_deleage_processed	beta_turn_levitt_processed	bulkiness_processed	coil_deleage_processed	hydration_potential_wolfenden_processed	hydrophilicity_hopp_processed	hydrophobic_constants_wilson_processed	hydrophobicity_abraham_processed	hydrophobicity_antigenicity_welling_processed	hydrophobicity_black_processed	hydrophobicity_bull_processed	hydrophobicity_chothia_processed	hydrophobicity_eisenberg_processed	hydrophobicity_fauchere_processed	hydrophobicity_free_energy_transfer_janin_processed	hydrophobicity_guy_processed	hydrophobicity_kyte_processed	hydrophobicity_miyazawa_processed	hydrophobicity_parker_processed	hydrophobicity_ph3.4_cowan_processed	hydrophobicity_ph7.5_cowan_processed	hydrophobicity_rao_processed	hydrophobicity_rf_aboderin_processed	hydrophobicity_rose_processed	hydrophobicity_roseman_processed	hydrophobicity_sweet_processed	hydrophobicity_tanford_processed	molecular_weight_processed	number_codons_processed	overall_composition_mccaldon_processed	parallel_beta_strand_processed	percentage_accessible_residues_janin_processed	percentage_buried_janin_processed	polarity_grantham_processed	polarity_zimmerman_processed	ratio_hetero_end_grantham_processed	recognition_factors_processed	refractivity_processed	relative_mutability_ala100_dayhoff_processed	retention_coefficient_hfba_browne_processed	retention_coefficient_ph2.1_meek_processed	retention_coefficient_ph7.4_meek_processed	retention_coefficient_tfa_browne_processed	total_beta_strand_lifson_processed	transmembrane_tendency_zhao_processed
Ala	A	1.420	1.489	1.290	8.25	0.900	86.600	0.360	12.970	0.830	0.709	0.900	0.660	0.788	0.770	11.500	0.824	1.940	-0.500	-0.300	0.440	1.150	0.616	0.610	0.380	0.620	0.310	0.300	0.100	1.800	5.330	2.100	0.420	2.100	1.360	0.420	0.740	0.390	-0.400	0.620	89.000	4.000	8.300	1.000	6.600	11.200	8.100	0.000	0.000	78.000	4.340	100.000	3.900	-0.100	0.500	7.300	0.920	0.380
Arg	R	0.980	1.224	0.960	5.53	1.020	162.200	0.530	11.720	0.930	0.920	0.990	0.950	0.912	0.880	14.280	0.893	-19.920	3.000	-1.100	-2.420	0.580	0.000	0.690	0.010	-2.530	-1.010	-1.400	1.910	-4.500	4.180	4.200	-1.560	4.200	0.150	-1.560	0.640	-3.950	-0.590	-2.530	174.000	6.000	5.700	0.680	4.500	0.500	10.500	52.000	0.650	95.000	26.660	65.000	3.200	-4.500	0.800	-3.600	0.930	-2.570
Asn	N	0.670	0.772	0.900	4.06	0.620	103.300	0.460	11.420	0.890	0.604	0.760	1.560	1.572	1.280	12.820	1.167	-9.680	0.200	-0.200	-1.320	-0.770	0.236	0.890	0.120	-0.780	-0.600	-0.500	0.480	-3.500	3.710	7.000	-1.030	7.000	0.330	-1.030	0.630	-1.910	-0.920	-0.780	132.000	2.000	4.400	0.540	6.700	2.900	11.600	3.380	1.330	94.000	13.280	134.000	-2.800	-1.600	0.800	-5.700	0.600	-1.620
Asp	D	1.010	0.924	1.040	5.45	0.470	97.800	0.510	10.850	0.540	0.541	0.720	1.460	1.197	1.410	11.680	1.197	-10.950	3.000	-1.400	-0.310	0.650	0.028	0.610	0.150	-0.900	-0.770	-0.600	0.780	-3.500	3.590	10.000	-0.510	10.000	0.110	-0.510	0.620	-3.810	-1.310	-0.090	133.000	2.000	5.300	0.500	7.700	2.900	13.000	49.700	1.380	81.000	12.000	106.000	-2.800	-2.800	-8.200	-2.900	0.480	-3.270
Cys	C	0.700	0.966	1.110	1.37	1.240	132.300	0.350	14.630	1.190	1.191	0.740	1.190	0.965	0.810	13.460	0.953	-1.240	-1.000	6.300	0.580	-1.200	0.680	0.360	0.500	0.290	1.540	0.900	-1.420	2.500	7.930	1.400	0.840	1.400	1.270	0.840	0.910	0.250	0.170	0.290	121.000	1.000	1.700	0.910	0.900	4.100	5.500	1.480	2.750	89.000	35.770	20.000	-14.300	-2.200	-6.800	-9.200	1.160	-0.300
Gln	Q	1.110	1.164	1.270	3.93	1.180	119.200	0.490	11.760	1.100	0.840	0.800	0.980	0.997	0.980	14.450	0.947	-9.380	0.200	-0.200	-0.710	-0.110	0.251	0.970	0.070	-0.850	-0.220	-0.700	0.950	-3.500	3.870	6.000	-0.960	6.000	0.330	-0.960	0.620	-1.300	-0.910	-0.850	146.000	2.000	4.000	0.280	5.200	1.600	10.500	3.530	0.890	87.000	17.560	93.000	1.800	-2.500	-4.800	-0.300	0.950	-1.840
Glu	E	1.510	1.504	1.440	6.75	0.620	113.900	0.500	11.890	0.370	0.567	0.750	0.740	1.149	0.990	13.570	0.761	-10.200	3.000	0.000	-0.340	-0.710	0.043	0.510	0.180	-0.740	-0.640	-0.700	0.830	-3.500	3.650	7.800	-0.370	7.800	0.250	-0.370	0.620	-2.910	-1.220	-0.740	147.000	2.000	6.200	0.590	5.700	1.800	12.300	49.900	0.920	78.000	17.260	102.000	-7.500	-7.500	-16.900	-7.100	0.610	-2.900
Gly	G	0.570	0.510	0.560	7.07	0.560	62.900	0.540	12.430	0.750	0.657	0.920	1.560	1.860	1.640	3.400	1.251	2.390	0.000	1.200	0.000	-1.840	0.501	0.810	0.360	0.480	0.000	0.300	0.330	-0.400	4.480	5.700	0.000	5.700	1.090	0.000	0.720	0.000	-0.670	0.480	75.000	4.000	7.200	0.790	6.700	11.800	9.000	0.000	0.740	84.000	0.000	49.000	-2.300	-0.500	0.000	-1.200	0.610	-0.190
His	H	1.000	1.003	1.220	2.27	1.120	155.800	0.320	12.160	0.870	0.863	1.080	0.950	0.970	0.680	13.690	1.068	-10.270	-0.500	-1.300	-0.010	3.120	0.165	0.690	0.170	-0.400	0.130	-0.100	-0.500	-3.200	5.100	2.100	-2.280	2.100	0.680	-2.280	0.780	-0.640	-0.640	-0.400	155.000	2.000	2.200	0.380	2.500	2.000	10.400	51.600	0.580	84.000	21.810	66.000	2.000	0.800	-3.500	-2.100	0.930	-1.440
Ile	I	1.080	1.003	0.970	5.96	1.540	158.000	0.460	15.670	1.600	1.799	1.450	0.470	0.240	0.510	21.400	0.886	2.150	-1.800	4.300	2.460	-2.920	0.943	-1.450	0.600	1.380	1.800	0.700	-1.130	4.500	8.830	-8.000	1.810	-8.000	1.440	1.810	0.880	1.820	1.250	1.380	131.000	3.000	5.200	2.600	2.800	8.600	5.200	0.130	0.000	88.000	19.060	96.000	11.000	11.800	13.900	6.600	1.810	1.970
Leu	L	1.210	1.236	1.300	9.66	1.260	164.100	0.370	14.900	1.300	1.261	1.020	0.590	0.670	0.580	21.400	0.810	2.280	-1.800	6.600	2.460	0.750	0.943	-1.650	0.450	1.060	1.700	0.500	-1.180	3.800	8.470	-9.200	1.800	-9.200	1.470	1.800	0.850	1.820	1.220	1.530	131.000	6.000	9.000	1.420	4.800	11.700	4.900	0.130	0.000	85.000	18.780	40.000	15.000	10.000	8.800	20.000	1.300	1.820
Lys	K	1.160	1.172	1.230	5.84	0.740	115.500	0.470	11.360	0.740	0.721	0.770	1.010	1.302	0.960	15.710	0.897	-9.520	3.000	-3.600	-2.450	2.060	0.283	0.460	0.030	-1.500	-0.990	-1.800	1.400	-3.900	2.950	5.700	-2.030	5.700	0.090	-2.030	0.520	-2.770	-0.670	-1.500	146.000	2.000	5.700	0.590	10.300	0.500	11.300	49.500	0.330	87.000	21.290	56.000	-2.500	-3.200	0.100	-3.700	0.700	-3.460
Met	M	1.450	1.363	1.470	2.42	1.090	172.900	0.300	14.390	1.050	1.210	0.970	0.600	0.436	0.410	16.250	0.810	-1.480	-1.300	2.500	1.100	-3.850	0.738	-0.660	0.400	0.640	1.230	0.400	-1.590	1.900	8.950	-4.200	1.180	-4.200	1.420	1.180	0.850	0.960	1.020	0.640	149.000	1.000	2.400	1.490	1.000	1.900	5.700	1.430	0.000	80.000	21.640	94.000	4.100	7.100	4.800	5.600	1.190	1.400
Phe	F	1.130	1.195	1.070	3.86	1.230	194.100	0.310	14.000	1.380	1.393	1.320	0.600	0.624	0.590	19.800	0.797	-0.760	-2.500	7.500	2.540	-1.410	1.000	-1.520	0.500	1.190	1.790	0.500	-2.120	2.800	9.030	-9.200	1.740	-9.200	1.570	1.740	0.880	2.270	1.920	1.190	165.000	2.000	3.900	1.300	2.400	5.100	5.200	0.350	0.000	81.000	29.400	41.000	14.700	13.900	13.200	19.200	1.250	1.980
Pro	P	0.570	0.492	0.520	4.70	0.420	92.900	0.510	11.370	0.550	0.354	0.640	1.520	1.415	1.910	17.430	1.540	0.000	0.000	2.200	1.290	-0.530	0.711	-0.170	0.180	0.120	0.720	-0.300	0.730	-1.600	3.870	2.100	0.860	2.100	0.540	0.860	0.640	0.990	-0.490	0.120	115.000	4.000	5.100	0.350	4.800	2.700	8.000	1.580	0.390	91.000	10.930	56.000	5.600	8.000	6.100	5.100	0.400	-1.440
Ser	S	0.770	0.739	0.820	6.56	0.870	85.600	0.510	11.230	0.750	0.928	0.950	1.430	1.316	1.320	9.470	1.130	-5.060	0.300	-0.600	-0.840	-0.260	0.359	0.420	0.220	-0.180	-0.040	-0.100	0.520	-0.800	4.090	6.500	-0.640	6.500	0.970	-0.640	0.660	-1.240	-0.550	-0.180	105.000	6.000	6.900	0.700	9.400	8.000	9.200	1.670	1.420	107.000	6.350	120.000	-3.500	-3.700	1.200	-4.100	0.820	-0.530
Thr	T	0.830	0.785	0.820	5.34	1.300	106.500	0.440	11.690	1.190	1.221	1.210	0.960	0.739	1.040	15.770	1.148	-4.880	-0.400	-2.200	-0.410	-0.450	0.450	0.290	0.230	-0.050	0.260	-0.200	0.070	-0.700	4.490	5.200	-0.260	5.200	1.080	-0.260	0.700	-1.000	-0.280	-0.050	119.000	4.000	5.800	0.590	7.000	4.900	8.600	1.660	0.710	93.000	11.010	97.000	1.100	1.500	2.700	0.800	1.120	-0.320
Trp	W	1.080	1.090	0.990	1.08	1.750	224.600	0.310	13.930	1.370	1.306	1.140	0.960	0.546	0.760	21.670	0.941	-5.880	-3.400	7.900	2.560	-1.140	0.878	-1.200	0.270	0.810	2.250	0.300	-0.510	-0.900	7.660	-10.000	1.460	-10.000	1.000	1.460	0.850	2.130	0.500	0.810	204.000	1.000	1.300	0.890	1.400	2.200	5.400	2.100	0.130	104.000	42.530	18.000	17.800	18.100	14.900	16.300	1.540	1.530
Tyr	Y	0.690	0.787	0.720	2.92	1.680	177.700	0.420	13.420	1.470	1.266	1.250	1.140	0.795	1.050	18.030	1.109	-6.110	-2.300	7.100	1.630	0.130	0.880	-1.430	0.150	0.260	0.960	-0.400	-0.210	-1.300	5.890	-1.900	0.510	-1.900	0.830	0.510	0.760	1.470	1.670	0.260	181.000	2.000	3.200	1.080	5.100	2.600	6.200	1.610	0.200	84.000	31.530	41.000	3.800	8.200	6.100	5.900	1.530	0.490
Val	V	1.060	0.990	0.910	6.87	1.530	141.000	0.390	15.710	1.700	1.965	1.490	0.500	0.387	0.470	21.570	0.772	1.990	-1.500	5.900	1.730	-0.130	0.825	-0.750	0.540	1.080	1.220	0.600	-1.270	4.200	7.630	-3.700	1.340	-3.700	1.370	1.340	0.860	1.300	0.910	1.800	117.000	4.000	6.600	2.630	4.500	12.900	5.900	0.130	0.000	89.000	13.920	74.000	2.100	3.300	2.700	3.500	1.810	1.460
